(array([[0.04559842, 0.07060499, 0.6453794 , ..., 0.        , 0.        ,
        0.        ],
       [0.05571187, 0.03398903, 0.4228569 , ..., 0.        , 0.        ,
        0.        ],
       [0.06415281, 0.0462757 , 1.116876  , ..., 0.        , 0.        ,
        0.        ],
       ...,
       [0.95335484, 0.93694544, 0.57613546, ..., 0.        , 0.        ,
        0.        ],
       [0.95702106, 0.9580488 , 0.36525118, ..., 0.        , 0.        ,
        0.        ],
       [0.96325266, 0.9540273 , 1.1524417 , ..., 0.        , 0.        ,
        0.        ]], dtype=float32), array([[0.02994687, 0.03486788, 0.07326999, ..., 0.        , 0.        ,
        0.        ],
       [0.02961252, 0.02370356, 0.40431172, ..., 0.        , 0.        ,
        0.        ],
       [0.0323963 , 0.02095887, 0.107675  , ..., 0.        , 0.        ,
        0.        ],
       ...,
       [0.96631926, 0.9748479 , 0.05847121, ..., 0.        , 0.        ,
        0.        ],
       [0.9789197 , 0.9780041 , 0.5193944 , ..., 0.        , 0.        ,
        0.        ],
       [0.97405034, 0.98230535, 0.09916596, ..., 0.        , 0.        ,
        0.        ]], dtype=float32), array([[0.01446643, 0.00843359, 0.02559445, ..., 0.        , 0.        ,
        0.        ],
       [0.01367724, 0.01424487, 0.02471358, ..., 0.        , 0.        ,
        0.        ],
       [0.0133806 , 0.01099041, 0.22313532, ..., 0.        , 0.        ,
        0.        ],
       ...,
       [0.98636115, 0.98904926, 0.02526274, ..., 0.        , 0.        ,
        0.        ],
       [0.98742807, 0.98500776, 0.02426574, ..., 0.        , 0.        ,
        0.        ],
       [0.9839958 , 0.9889963 , 0.20785716, ..., 0.        , 0.        ,
        0.        ]], dtype=float32))